AUDITORIA: shape=(55, 2); anos=1960-2014; NaN=0; Inf=0
SELEÇÃO_Q: R=100; tolerância=0.005; q_melhor=9; q_escolhido=9
q;R2_treino_medio;R2_validacao_medio
1;0.52935469;-0.65841299
2;0.84531628;0.26767473
3;0.96412546;0.82447366
4;0.99302503;0.96282796
5;0.99619503;0.98608772
6;0.99638585;0.98150846
7;0.99747742;0.98128894
8;0.99876637;0.98841754
9;0.99925142;0.99646312
10;0.99927144;0.99543653
11;0.99934359;0.99151162
12;0.99940047;0.98296550

VALIDAÇÃO_FINAL: R=500; treino=80%; teste=20%; seed=4242
modelo;MSE_media;MSE_desvio;MSE_max;MSE_min;R2_media;R2_desvio;R2_max;R2_min
Polinomial;1.045061979136e+22;1.365392405927e+22;2.223496085491e+23;8.330236525297e+20;9.951190989190e-01;1.821696019776e-02;9.998430142202e-01;7.131146504522e-01
MQO tradicional;3.375911582052e+24;2.018411044064e+24;1.163573903159e+25;7.998434401567e+23;-9.085344685195e-01;6.326843135397e+00;7.783303523423e-01;-8.610699356432e+01
MQO regularizado 0.25;3.375808616145e+24;2.032027471896e+24;1.167625911709e+25;7.981000147923e+23;-8.917360935721e-01;6.248780356734e+00;7.779903540351e-01;-8.483530112252e+01
MQO regularizado 0.5;3.375914624476e+24;2.045517906273e+24;1.171646618463e+25;7.965730953540e+23;-8.753870616704e-01;6.172998878071e+00;7.784151013571e-01;-8.359968536674e+01
MQO regularizado 0.75;3.376222641170e+24;2.058882867465e+24;1.175636310934e+25;7.952557714053e+23;-8.594754987731e-01;6.099436738294e+00;7.787815449331e-01;-8.239917853766e+01
MQO regularizado 1;3.376725931687e+24;2.072122956033e+24;1.179595275482e+25;7.941413585998e+23;-8.439898906852e-01;6.028033876020e+00;7.790915441661e-01;-8.123284240628e+01
